1678 831 24 48
1526 714 24 48
1585 758 24 48
1585 665 24 48
1690 722 24 48
1697 647 24 48
1322 627 24 48
1780 787 24 48
1422 515 24 48
1052 261 24 48
1213 675 24 48
1320 663 24 48
1307 736 24 48
1217 753 24 48
1414 826 24 48
1409 593 24 48
1583 565 24 48
1398 656 24 48
1502 612 24 48
1471 671 24 48
1746 878 24 48
1717 856 24 48
1467 795 24 48
1470 753 24 48
1570 849 24 48
1412 870 24 48
1359 656 24 48
1661 800 24 48
1339 605 24 48
1429 387 24 48
1495 302 24 48
1597 211 24 48
1887 858 24 48
975 844 24 48
1831 740 24 48
1677 309 24 48
1802 326 24 48
1672 497 24 48
1794 473 24 48
1880 432 24 48
1680 583 24 48
1855 615 24 48
1697 788 24 48
1110 792 24 48
1056 853 24 48
1519 502 24 48
1510 401 24 48
1546 283 24 48
1387 719 24 48
1088 536 24 48
1186 471 24 48
1181 572 24 48
1207 583 24 48
