22 28 43
3 5 24 28 43
2 4 5 20 23 24 49
3 5 6 19 20
2 3 4 6 35 40 43
4 5 19 40 41
12 16 27 29 53
22 33 35 43
16 46
30 31 32
12 13 14 53
7 11 13 18 27 49 53
11 12 14 15 23 49
11 13 26 44
14
7 9 17 18 19 29
16 19 39 41
7 12 16 19 20 27 49
4 6 16 17 18 20 41
3 4 19 20
22
1 8 21 43
3 13 15 24 25 49
2 3 23
15 23 26 
15 25
7 12 18
1 2 43
7 16 53
10 31 47 51
10 30 32 47 48
10 31 36 37 48
8
44 45
5 8 40 43
32 37 48
36 38 42
37 39 40 41 42
17 41 38
5 6 35 38 41 42
6 17 19 38 39 40
37 40 42
1 2 5 8 22 28 35
14 34 45
34 44
9 47
30 31 46 48
31 32 36 47
3 12 13 18 23
51
50 53
50 53
51 52
