22
Albania 804000 e41e20 1 1 0
Austria-Hungary 66226000 436f4d 9 3 6
Belgium 6136000 fae042 2 1 1
Bulgaria 3154000 004529 2 2 0
Denmark 2182000 c60c30 3 3 0
France 39270000 002395 19 10 9
German_Empire 67000000 000000 20 7 13
Greece 2800000 0d5eaf 4 4 0
Italy 34641000 009246 10 10 0
Luxembourg 252000 00a1de 1 0 1
Montenegro 320000 999999 1 1 0
Netherlands 5616000 ae1c28 2 2 0 
Norway 2325000 ef2b2d 4 4 0
Ottoman_Empire 14000000 e30a17 6 5 1
Portugal 5758000 006600 4 4 0
Romania 6630000 810f7c 3 1 2
Russia 151010000 0039a6 22 7 15 
Serbia 2650000 0c4076 3 0 3
Spain 20750000 ffc400 10 7 3
Sweden 5378000 fecd01 6 6 0
Switzerland 3525000 8c510a 1 0 1
Great Britain 39700000 00247d 9 9 0
